-6.763620   -2.580587    -43.337517
-6.716066   -2.728855    -43.834682
-6.635379   -2.701626    -44.004208
-6.551414   -2.851790    -44.011082
-6.556156   -2.683679    -44.176064
-6.582361   -2.857036    -44.173450
-6.655505   -2.533016    -44.332218
-6.496341   -2.663013    -44.344490
-6.349156   -2.791271    -44.354553
-6.645711   -2.523874    -44.496532
-6.524500   -2.662562    -44.505730
-6.381464   -2.796720    -44.516838
-6.658342   -2.357262    -44.660839
-6.620804   -2.517889    -44.663895
-6.532479   -2.656491    -44.668331
-6.389621   -2.788786    -44.678963
-6.667814   -2.363472    -44.826565
-6.605553   -2.507984    -44.828819
-6.507472   -2.649989    -44.835621
-6.362987   -2.785764    -44.847466
-6.709298   -2.364886    -44.986256
-6.612176   -2.506061    -44.992725
-6.472907   -2.642138    -45.003948
-6.651415   -2.520966    -45.156475
-6.444739   -2.637095    -45.172169
-6.702009   -2.527133    -45.316071
-6.457455   -2.635316    -45.335266
-6.523297   -2.651250    -45.495388
-6.627387   -2.671883    -45.651028
-6.515366   -2.811386    -45.659317
-6.733153   -2.691088    -45.805939
-6.705511   -2.853785    -45.808117
-6.814956   -2.715537    -45.965862
-6.868876   -2.900297    -45.961937
-6.727386   -2.670457    -47.123970
-6.641816   -2.817707    -47.130646
-6.776698   -2.680668    -47.284618
-6.644203   -2.626551    -48.282249
-6.529471   -2.765955    -48.291397
-6.803718   -2.666432    -48.433880
-6.580331   -2.771993    -48.450462
-6.561737   -2.941876    -48.453251
-6.783831   -2.657868    -48.599949
-6.605486   -2.779060    -48.613995
-6.642391   -2.952904    -48.608944
-6.765386   -2.650607    -48.766174
-6.611569   -2.779326    -48.778557
-6.669479   -2.959193    -48.771877
-6.745954   -2.640548    -48.931747
-6.601383   -2.768481    -48.942410
-6.646151   -2.955330    -48.939953
-6.722298   -2.631866    -49.098438
-6.575657   -2.764385    -49.110893
-6.418203   -2.890999    -49.123287
-6.698934   -2.624526    -49.265518
-6.549219   -2.751703    -49.276871
-6.385604   -2.883574    -49.291962
-6.692911   -2.621322    -49.431011
-6.550153   -2.748752    -49.441330
-6.373843   -2.872932    -49.456200
-6.706681   -2.618508    -49.593327
-6.585802   -2.757024    -49.603470
-6.489556   -2.904680    -49.612297
-6.726009   -2.619804    -49.755962
-6.599926   -2.755089    -49.766003
-6.623021   -2.933724    -49.764488
-6.729454   -2.615749    -49.919594
-6.595335   -2.749794    -49.930634
-6.668281   -2.942811    -49.925198
-6.722931   -2.616357    -50.086388
-6.568843   -2.742721    -50.098431
-6.718227   -2.609598    -50.250538
-6.752177   -2.439224    -50.741524
-6.746315   -2.435680    -50.906933
-6.722430   -2.604852    -50.910362
-6.732862   -2.771473    -50.907017
-6.741012   -2.428563    -51.071087
-6.717799   -2.596948    -51.074139
-6.717697   -2.765811    -51.073334
-6.571819   -2.895354    -51.085220
-6.739247   -2.428627    -51.236954
-6.720961   -2.589858    -51.236824
-6.715078   -2.762226    -51.238144
-6.729574   -2.934673    -51.235931
-6.734592   -2.419628    -51.400387
-6.717131   -2.586275    -51.401871
-6.699857   -2.753299    -51.403435
-6.691154   -2.926072    -51.405380
-6.730313   -2.419611    -51.566685
-6.702032   -2.584417    -51.569462
-6.689627   -2.746794    -51.568645
-6.675618   -2.914028    -51.569698
-6.713951   -2.406751    -51.730927
-6.693663   -2.575971    -51.733723
-6.688355   -2.743988    -51.733479
-6.693625   -2.404350    -51.899319
-6.682431   -2.571673    -51.899876
-6.669158   -2.731292    -51.898266
-6.674049   -2.393775    -52.064903
-6.668671   -2.557898    -52.063354
-6.627674   -2.721636    -52.068039
-6.687862   -2.223799    -52.228630
-6.670517   -2.391548    -52.230400
-6.674342   -2.561030    -52.228943
-6.655771   -2.720192    -52.228100
-6.648823   -2.894511    -52.230206
-6.655270   -2.381045    -52.395260
-6.664402   -2.551333    -52.393082
-6.646285   -2.722829    -52.396240
-6.636302   -2.887717    -52.395760
-6.635287   -3.058025    -52.395454
-6.625174   -2.366238    -52.561359
-6.646177   -2.541483    -52.558678
-6.622357   -2.714854    -52.563499
-6.615994   -2.878174    -52.561802
-6.598358   -3.042575    -52.562515
-6.549270   -1.836204    -52.736137
-6.575926   -2.184323    -52.732613
-6.587746   -2.363918    -52.733028
-6.625857   -2.538683    -52.727047
-6.600729   -2.705876    -52.730019
-6.597503   -2.869866    -52.727955
-6.563604   -3.036927    -52.732494
-6.531759   -2.171476    -52.902035
-6.549561   -2.346312    -52.899719
-6.586657   -2.524399    -52.894981
-6.600648   -2.703141    -52.894722
-6.621460   -2.874608    -52.890778
-6.547365   -3.027071    -52.897728
-6.506636   -2.162061    -53.069164
-6.521124   -2.331692    -53.065647
-6.586947   -2.521637    -53.059639
-6.617650   -2.697336    -53.055264
-6.640943   -2.877569    -53.053795
-6.563075   -3.029165    -53.061165
-6.484330   -3.175462    -53.066898
-6.514778   -2.162677    -53.233593
-6.443192   -2.309626    -53.238205
-6.605971   -2.524959    -53.222908
-6.637042   -2.702140    -53.218948
-6.644422   -2.869331    -53.215958
-6.595371   -3.029294    -53.220894
-6.723123   -3.236380    -53.209389
-6.554513   -2.167193    -53.393478
-6.521189   -2.321914    -53.393684
-6.609092   -2.515514    -53.384762
-6.643629   -2.698508    -53.382099
-6.650565   -2.869174    -53.380363
-6.611515   -3.029219    -53.383499
-6.729563   -3.230871    -53.371853
-6.597617   -2.170208    -53.552197
-6.575488   -2.340223    -53.555565
-6.604743   -2.517076    -53.551735
-6.626988   -2.693937    -53.549221
-6.632453   -2.863675    -53.547409
-6.593437   -3.023102    -53.550331
-6.716358   -3.228418    -53.538979
-6.619437   -2.176768    -53.716064
-6.550811   -2.329687    -53.722225
-6.586164   -2.508393    -53.717857
-6.607785   -2.684154    -53.715073
-6.623396   -2.858479    -53.712925
-6.552359   -3.011148    -53.719463
-6.619340   -2.173542    -53.880653
-6.531672   -2.321505    -53.888680
-6.567617   -2.500157    -53.884159
-6.586819   -2.679018    -53.882862
-6.610004   -2.855978    -53.880180
-6.612990   -2.170027    -54.046318
-6.510959   -2.311344    -54.054771
-6.553378   -2.490922    -54.049309
-6.575885   -2.670805    -54.047729
-6.596474   -2.844075    -54.044239
-6.616959   -3.022340    -54.042496
-6.744374   -3.226678    -54.029789
-6.598389   -2.160637    -54.211506
-6.504270   -2.313393    -54.222469
-6.528070   -2.483186    -54.217075
-6.554741   -2.661762    -54.214230
-6.576175   -2.837601    -54.211433
-6.608342   -3.016928    -54.207844
-6.571186   -2.151074    -54.379044
-6.513448   -2.304666    -54.383415
-6.508817   -2.479003    -54.384975
-6.520678   -2.646104    -54.380894
-6.533887   -2.823588    -54.380196
-6.539825   -2.143162    -54.547966
-6.489493   -2.300430    -54.552227
-6.471748   -2.464878    -54.552795
-6.468913   -2.631445    -54.551285
-6.525375   -2.136398    -54.714100
-6.469788   -2.293264    -54.719231
-6.443960   -2.452296    -54.719418
-6.413021   -2.618745    -54.723209
-6.529541   -2.130968    -54.877140
-6.470757   -2.288895    -54.883266
-6.434945   -2.441458    -54.883076
-6.382237   -2.606057    -54.890385
-6.540086   -2.131831    -55.041164
-6.466812   -2.285115    -55.048450
-6.428251   -2.442240    -55.050400
-6.386526   -2.603696    -55.054489
-6.544611   -2.128063    -55.204712
-6.463241   -2.280451    -55.213261
-6.421977   -2.436430    -55.215317
-6.392747   -2.594065    -55.215641
-6.350338   -2.758814    -55.221043
-6.538343   -2.123512    -55.370075
-6.445994   -2.273733    -55.380001
-6.398742   -2.431409    -55.383812
-6.374801   -2.589245    -55.383167
-6.318363   -2.744041    -55.387741
-6.227021   -2.893002    -55.396976
-6.505708   -2.108417    -55.536804
-6.422682   -2.262458    -55.546295
-6.370403   -2.417035    -55.549973
-6.338297   -2.573641    -55.550472
-6.283947   -2.731543    -55.555748
-6.150904   -2.872777    -55.570335
-6.177194   -3.046931    -55.565773
-6.438265   -2.088917    -55.708775
-6.371939   -2.243901    -55.715355
-6.318626   -2.400143    -55.719833
-6.275834   -2.560074    -55.723595
-6.205514   -2.704988    -55.727322
-6.090510   -2.850194    -55.739849
-6.347246   -2.065174    -55.883919
-6.301542   -2.221758    -55.887024
-6.256265   -2.380032    -55.890652
-6.205386   -2.535630    -55.894417
-6.137324   -2.690948    -55.901459
-6.295187   -1.705633    -56.055122
-6.291456   -1.867990    -56.052010
-6.266549   -2.043004    -56.057686
-6.232009   -2.200405    -56.058872
-6.196958   -2.362818    -56.061970
-6.148536   -2.517766    -56.065018
-6.075967   -2.674865    -56.073574
-6.237267   -1.689568    -56.226711
-6.228186   -1.855201    -56.225819
-6.201652   -2.018841    -56.227661
-6.180582   -2.182891    -56.228588
-6.152617   -2.344860    -56.230129
-6.116457   -2.503461    -56.232052
-6.049091   -2.660559    -56.239605
-6.171586   -1.495224    -56.398006
-6.187493   -1.668661    -56.394943
-6.170069   -1.835793    -56.396229
-6.147078   -2.000496    -56.397755
-6.128785   -2.165081    -56.398300
-6.105703   -2.331702    -56.400555
-6.080928   -2.490861    -56.400429
-6.045135   -2.655225    -56.404381
-6.039314   -2.824084    -56.404045
-6.170146   -1.662413    -56.562107
-6.113024   -1.818049    -56.567104
-6.088439   -1.982608    -56.568871
-6.070710   -2.144834    -56.568424
-6.047849   -2.311444    -56.570614
-6.027095   -2.475992    -56.571632
-6.004667   -2.641293    -56.573273
-6.012069   -2.815098    -56.572098
-5.919509   -2.959341    -56.579979
-6.029567   -1.792140    -56.740314
-6.021099   -1.959800    -56.739975
-6.005179   -2.127452    -56.741138
-5.982160   -2.291691    -56.742470
-5.958453   -2.454986    -56.743610
-5.943998   -2.623879    -56.744946
-5.978177   -2.797362    -56.738300
-6.024586   -1.616738    -56.906570
-5.963402   -1.775264    -56.913456
-5.960873   -1.939259    -56.910530
-5.945745   -2.107687    -56.911808
-5.919389   -2.269859    -56.913025
-5.886652   -2.432734    -56.915798
-5.836917   -2.591059    -56.920303
-5.915575   -2.777400    -56.909435
-5.963068   -1.600637    -57.079113
-5.924386   -1.758759    -57.081291
-5.916515   -1.925282    -57.080376
-5.894760   -2.091000    -57.081951
-5.863934   -2.254017    -57.084366
-5.820602   -2.408430    -57.086140
-5.740673   -2.560544    -57.094414
-5.811161   -2.747863    -57.085472
-5.935928   -1.415738    -57.246441
-5.915508   -1.579833    -57.247128
-5.892464   -1.746636    -57.249355
-5.881116   -1.911974    -57.248676
-5.851514   -2.073673    -57.250343
-5.812957   -2.235649    -57.253933
-5.781338   -2.400439    -57.257175
-5.662826   -2.542038    -57.269341
-5.702536   -2.724965    -57.264915
-5.893675   -1.400241    -57.415409
-5.878593   -1.567416    -57.416134
-5.858827   -1.734852    -57.417927
-5.839479   -1.894595    -57.416759
-5.802363   -2.059681    -57.421207
-5.761018   -2.220196    -57.424816
-5.730800   -2.378066    -57.425182
-5.605262   -2.517490    -57.438007
-5.617252   -2.692118    -57.436066
-5.875516   -1.222301    -57.583637
-5.844835   -1.384136    -57.585529
-5.837595   -1.552184    -57.584957
-5.818806   -1.718025    -57.585930
-5.792783   -1.882546    -57.587910
-5.744185   -2.041067    -57.592228
-5.700455   -2.201587    -57.596317
-5.665451   -2.358896    -57.597439
-5.540357   -2.491637    -57.607700
-5.548478   -2.669165    -57.607590
-5.832291   -1.207386    -57.753098
-5.780008   -1.369908    -57.759693
-5.783132   -1.533049    -57.755100
-5.774246   -1.703123    -57.755627
-5.742754   -1.864229    -57.757420
-5.693823   -2.025093    -57.762691
-5.638474   -2.178408    -57.766457
-5.566947   -2.327063    -57.771767
-5.467215   -2.482349    -57.785301
-5.472256   -2.647097    -57.781013
-5.788125   -1.192158    -57.922668
-5.746133   -1.353365    -57.926640
-5.735663   -1.519709    -57.926037
-5.722465   -1.685839    -57.925941
-5.692907   -1.848593    -57.927956
-5.642397   -2.005500    -57.932056
-5.574099   -2.156630    -57.937645
-5.488954   -2.307728    -57.946674
-5.402748   -2.452673    -57.953575
-5.189664   -2.568109    -57.975353
-5.756930   -1.185047    -58.092686
-5.717322   -1.343666    -58.095169
-5.694546   -1.509055    -58.096752
-5.676863   -1.672840    -58.096653
-5.643144   -1.833725    -58.098793
-5.583722   -1.985419    -58.102768
-5.495626   -2.132097    -58.110760
-5.407359   -2.287930    -58.122208
-5.365806   -2.445533    -58.124729
-5.789861   -1.015735    -58.253769
-5.750713   -1.177485    -58.257347
-5.715923   -1.336502    -58.258980
-5.694824   -1.506481    -58.261951
-5.663274   -1.664574    -58.262569
-5.613874   -1.822247    -58.266735
-5.530621   -1.971783    -58.274818
-5.420566   -2.116930    -58.286774
-5.329490   -2.261040    -58.294384
-5.341529   -2.431941    -58.290867
-5.736457   -1.510724    -58.421139
-5.681435   -1.666022    -58.425571
-5.611109   -1.814580    -58.430634
-5.504571   -1.955468    -58.440277
-5.385890   -2.106471    -58.456295
-5.285908   -2.243070    -58.462898
-5.683817   -2.005765    -58.588390
-5.494706   -2.125431    -58.607182
-5.790847   -1.162158    -59.573135
-5.765143   -1.325699    -59.574551
-5.734984   -1.487823    -59.576366
-5.691577   -1.645302    -59.579212
-5.633651   -1.802848    -59.585190
-5.776294   -1.155125    -59.739788
-5.798845   -1.332132    -59.736115
-5.730155   -1.485026    -59.742592
-5.680646   -1.640200    -59.745834
-5.652046   -1.809245    -59.750038
-5.660414   -1.975851    -59.745384
-5.674143   -2.152240    -59.743439
-5.702721   -1.473761    -59.910343
-5.664415   -1.638838    -59.915081
-5.649800   -1.801521    -59.913780
-5.652583   -1.972588    -59.912052
