-6.76362
-6.716066
-6.635379
-6.551414
-6.556156
-6.582361
-6.655505
-6.496341
-6.349156
-6.645711
-6.5245
-6.381464
-6.658342
-6.620804
-6.532479
-6.389621
-6.667814
-6.605553
-6.507472
-6.362987
-6.709298
-6.612176
-6.472907
-6.651415
-6.444739
-6.702009
-6.457455
-6.523297
-6.627387
-6.515366
-6.733153
-6.705511
-6.814956
-6.868876
-6.727386
-6.641816
-6.776698
-6.644203
-6.529471
-6.803718
-6.580331
-6.561737
-6.783831
-6.605486
-6.642391
-6.765386
-6.611569
-6.669479
-6.745954
-6.601383
-6.646151
-6.722298
-6.575657
-6.418203
-6.698934
-6.549219
-6.385604
-6.692911
-6.550153
-6.373843
-6.706681
-6.585802
-6.489556
-6.726009
-6.599926
-6.623021
-6.729454
-6.595335
-6.668281
-6.722931
-6.568843
-6.718227
-6.752177
-6.746315
-6.72243
-6.732862
-6.741012
-6.717799
-6.717697
-6.571819
-6.739247
-6.720961
-6.715078
-6.729574
-6.734592
-6.717131
-6.699857
-6.691154
-6.730313
-6.702032
-6.689627
-6.675618
-6.713951
-6.693663
-6.688355
-6.693625
-6.682431
-6.669158
-6.674049
-6.668671
-6.627674
-6.687862
-6.670517
-6.674342
-6.655771
-6.648823
-6.65527
-6.664402
-6.646285
-6.636302
-6.635287
-6.625174
-6.646177
-6.622357
-6.615994
-6.598358
-6.54927
-6.575926
-6.587746
-6.625857
-6.600729
-6.597503
-6.563604
-6.531759
-6.549561
-6.586657
-6.600648
-6.62146
-6.547365
-6.506636
-6.521124
-6.586947
-6.61765
-6.640943
-6.563075
-6.48433
-6.514778
-6.443192
-6.605971
-6.637042
-6.644422
-6.595371
-6.723123
-6.554513
-6.521189
-6.609092
-6.643629
-6.650565
-6.611515
-6.729563
-6.597617
-6.575488
-6.604743
-6.626988
-6.632453
-6.593437
-6.716358
-6.619437
-6.550811
-6.586164
-6.607785
-6.623396
-6.552359
-6.61934
-6.531672
-6.567617
-6.586819
-6.610004
-6.61299
-6.510959
-6.553378
-6.575885
-6.596474
-6.616959
-6.744374
-6.598389
-6.50427
-6.52807
-6.554741
-6.576175
-6.608342
-6.571186
-6.513448
-6.508817
-6.520678
-6.533887
-6.539825
-6.489493
-6.471748
-6.468913
-6.525375
-6.469788
-6.44396
-6.413021
-6.529541
-6.470757
-6.434945
-6.382237
-6.540086
-6.466812
-6.428251
-6.386526
-6.544611
-6.463241
-6.421977
-6.392747
-6.350338
-6.538343
-6.445994
-6.398742
-6.374801
-6.318363
-6.227021
-6.505708
-6.422682
-6.370403
-6.338297
-6.283947
-6.150904
-6.177194
-6.438265
-6.371939
-6.318626
-6.275834
-6.205514
-6.09051
-6.347246
-6.301542
-6.256265
-6.205386
-6.137324
-6.295187
-6.291456
-6.266549
-6.232009
-6.196958
-6.148536
-6.075967
-6.237267
-6.228186
-6.201652
-6.180582
-6.152617
-6.116457
-6.049091
-6.171586
-6.187493
-6.170069
-6.147078
-6.128785
-6.105703
-6.080928
-6.045135
-6.039314
-6.170146
-6.113024
-6.088439
-6.07071
-6.047849
-6.027095
-6.004667
-6.012069
-5.919509
-6.029567
-6.021099
-6.005179
-5.98216
-5.958453
-5.943998
-5.978177
-6.024586
-5.963402
-5.960873
-5.945745
-5.919389
-5.886652
-5.836917
-5.915575
-5.963068
-5.924386
-5.916515
-5.89476
-5.863934
-5.820602
-5.740673
-5.811161
-5.935928
-5.915508
-5.892464
-5.881116
-5.851514
-5.812957
-5.781338
-5.662826
-5.702536
-5.893675
-5.878593
-5.858827
-5.839479
-5.802363
-5.761018
-5.7308
-5.605262
-5.617252
-5.875516
-5.844835
-5.837595
-5.818806
-5.792783
-5.744185
-5.700455
-5.665451
-5.540357
-5.548478
-5.832291
-5.780008
-5.783132
-5.774246
-5.742754
-5.693823
-5.638474
-5.566947
-5.467215
-5.472256
-5.788125
-5.746133
-5.735663
-5.722465
-5.692907
-5.642397
-5.574099
-5.488954
-5.402748
-5.189664
-5.75693
-5.717322
-5.694546
-5.676863
-5.643144
-5.583722
-5.495626
-5.407359
-5.365806
-5.789861
-5.750713
-5.715923
-5.694824
-5.663274
-5.613874
-5.530621
-5.420566
-5.32949
-5.341529
-5.736457
-5.681435
-5.611109
-5.504571
-5.38589
-5.285908
-5.683817
-5.494706
-5.790847
-5.765143
-5.734984
-5.691577
-5.633651
-5.776294
-5.798845
-5.730155
-5.680646
-5.652046
-5.660414
-5.674143
-5.702721
-5.664415
-5.6498
-5.652583
