-2.580587
-2.728855
-2.701626
-2.85179
-2.683679
-2.857036
-2.533016
-2.663013
-2.791271
-2.523874
-2.662562
-2.79672
-2.357262
-2.517889
-2.656491
-2.788786
-2.363472
-2.507984
-2.649989
-2.785764
-2.364886
-2.506061
-2.642138
-2.520966
-2.637095
-2.527133
-2.635316
-2.65125
-2.671883
-2.811386
-2.691088
-2.853785
-2.715537
-2.900297
-2.670457
-2.817707
-2.680668
-2.626551
-2.765955
-2.666432
-2.771993
-2.941876
-2.657868
-2.77906
-2.952904
-2.650607
-2.779326
-2.959193
-2.640548
-2.768481
-2.95533
-2.631866
-2.764385
-2.890999
-2.624526
-2.751703
-2.883574
-2.621322
-2.748752
-2.872932
-2.618508
-2.757024
-2.90468
-2.619804
-2.755089
-2.933724
-2.615749
-2.749794
-2.942811
-2.616357
-2.742721
-2.609598
-2.439224
-2.43568
-2.604852
-2.771473
-2.428563
-2.596948
-2.765811
-2.895354
-2.428627
-2.589858
-2.762226
-2.934673
-2.419628
-2.586275
-2.753299
-2.926072
-2.419611
-2.584417
-2.746794
-2.914028
-2.406751
-2.575971
-2.743988
-2.40435
-2.571673
-2.731292
-2.393775
-2.557898
-2.721636
-2.223799
-2.391548
-2.56103
-2.720192
-2.894511
-2.381045
-2.551333
-2.722829
-2.887717
-3.058025
-2.366238
-2.541483
-2.714854
-2.878174
-3.042575
-1.836204
-2.184323
-2.363918
-2.538683
-2.705876
-2.869866
-3.036927
-2.171476
-2.346312
-2.524399
-2.703141
-2.874608
-3.027071
-2.162061
-2.331692
-2.521637
-2.697336
-2.877569
-3.029165
-3.175462
-2.162677
-2.309626
-2.524959
-2.70214
-2.869331
-3.029294
-3.23638
-2.167193
-2.321914
-2.515514
-2.698508
-2.869174
-3.029219
-3.230871
-2.170208
-2.340223
-2.517076
-2.693937
-2.863675
-3.023102
-3.228418
-2.176768
-2.329687
-2.508393
-2.684154
-2.858479
-3.011148
-2.173542
-2.321505
-2.500157
-2.679018
-2.855978
-2.170027
-2.311344
-2.490922
-2.670805
-2.844075
-3.02234
-3.226678
-2.160637
-2.313393
-2.483186
-2.661762
-2.837601
-3.016928
-2.151074
-2.304666
-2.479003
-2.646104
-2.823588
-2.143162
-2.30043
-2.464878
-2.631445
-2.136398
-2.293264
-2.452296
-2.618745
-2.130968
-2.288895
-2.441458
-2.606057
-2.131831
-2.285115
-2.44224
-2.603696
-2.128063
-2.280451
-2.43643
-2.594065
-2.758814
-2.123512
-2.273733
-2.431409
-2.589245
-2.744041
-2.893002
-2.108417
-2.262458
-2.417035
-2.573641
-2.731543
-2.872777
-3.046931
-2.088917
-2.243901
-2.400143
-2.560074
-2.704988
-2.850194
-2.065174
-2.221758
-2.380032
-2.53563
-2.690948
-1.705633
-1.86799
-2.043004
-2.200405
-2.362818
-2.517766
-2.674865
-1.689568
-1.855201
-2.018841
-2.182891
-2.34486
-2.503461
-2.660559
-1.495224
-1.668661
-1.835793
-2.000496
-2.165081
-2.331702
-2.490861
-2.655225
-2.824084
-1.662413
-1.818049
-1.982608
-2.144834
-2.311444
-2.475992
-2.641293
-2.815098
-2.959341
-1.79214
-1.9598
-2.127452
-2.291691
-2.454986
-2.623879
-2.797362
-1.616738
-1.775264
-1.939259
-2.107687
-2.269859
-2.432734
-2.591059
-2.7774
-1.600637
-1.758759
-1.925282
-2.091
-2.254017
-2.40843
-2.560544
-2.747863
-1.415738
-1.579833
-1.746636
-1.911974
-2.073673
-2.235649
-2.400439
-2.542038
-2.724965
-1.400241
-1.567416
-1.734852
-1.894595
-2.059681
-2.220196
-2.378066
-2.51749
-2.692118
-1.222301
-1.384136
-1.552184
-1.718025
-1.882546
-2.041067
-2.201587
-2.358896
-2.491637
-2.669165
-1.207386
-1.369908
-1.533049
-1.703123
-1.864229
-2.025093
-2.178408
-2.327063
-2.482349
-2.647097
-1.192158
-1.353365
-1.519709
-1.685839
-1.848593
-2.0055
-2.15663
-2.307728
-2.452673
-2.568109
-1.185047
-1.343666
-1.509055
-1.67284
-1.833725
-1.985419
-2.132097
-2.28793
-2.445533
-1.015735
-1.177485
-1.336502
-1.506481
-1.664574
-1.822247
-1.971783
-2.11693
-2.26104
-2.431941
-1.510724
-1.666022
-1.81458
-1.955468
-2.106471
-2.24307
-2.005765
-2.125431
-1.162158
-1.325699
-1.487823
-1.645302
-1.802848
-1.155125
-1.332132
-1.485026
-1.6402
-1.809245
-1.975851
-2.15224
-1.473761
-1.638838
-1.801521
-1.972588
