-43.337517
-43.834682
-44.004208
-44.011082
-44.176064
-44.17345
-44.332218
-44.34449
-44.354553
-44.496532
-44.50573
-44.516838
-44.660839
-44.663895
-44.668331
-44.678963
-44.826565
-44.828819
-44.835621
-44.847466
-44.986256
-44.992725
-45.003948
-45.156475
-45.172169
-45.316071
-45.335266
-45.495388
-45.651028
-45.659317
-45.805939
-45.808117
-45.965862
-45.961937
-47.12397
-47.130646
-47.284618
-48.282249
-48.291397
-48.43388
-48.450462
-48.453251
-48.599949
-48.613995
-48.608944
-48.766174
-48.778557
-48.771877
-48.931747
-48.94241
-48.939953
-49.098438
-49.110893
-49.123287
-49.265518
-49.276871
-49.291962
-49.431011
-49.44133
-49.4562
-49.593327
-49.60347
-49.612297
-49.755962
-49.766003
-49.764488
-49.919594
-49.930634
-49.925198
-50.086388
-50.098431
-50.250538
-50.741524
-50.906933
-50.910362
-50.907017
-51.071087
-51.074139
-51.073334
-51.08522
-51.236954
-51.236824
-51.238144
-51.235931
-51.400387
-51.401871
-51.403435
-51.40538
-51.566685
-51.569462
-51.568645
-51.569698
-51.730927
-51.733723
-51.733479
-51.899319
-51.899876
-51.898266
-52.064903
-52.063354
-52.068039
-52.22863
-52.2304
-52.228943
-52.2281
-52.230206
-52.39526
-52.393082
-52.39624
-52.39576
-52.395454
-52.561359
-52.558678
-52.563499
-52.561802
-52.562515
-52.736137
-52.732613
-52.733028
-52.727047
-52.730019
-52.727955
-52.732494
-52.902035
-52.899719
-52.894981
-52.894722
-52.890778
-52.897728
-53.069164
-53.065647
-53.059639
-53.055264
-53.053795
-53.061165
-53.066898
-53.233593
-53.238205
-53.222908
-53.218948
-53.215958
-53.220894
-53.209389
-53.393478
-53.393684
-53.384762
-53.382099
-53.380363
-53.383499
-53.371853
-53.552197
-53.555565
-53.551735
-53.549221
-53.547409
-53.550331
-53.538979
-53.716064
-53.722225
-53.717857
-53.715073
-53.712925
-53.719463
-53.880653
-53.88868
-53.884159
-53.882862
-53.88018
-54.046318
-54.054771
-54.049309
-54.047729
-54.044239
-54.042496
-54.029789
-54.211506
-54.222469
-54.217075
-54.21423
-54.211433
-54.207844
-54.379044
-54.383415
-54.384975
-54.380894
-54.380196
-54.547966
-54.552227
-54.552795
-54.551285
-54.7141
-54.719231
-54.719418
-54.723209
-54.87714
-54.883266
-54.883076
-54.890385
-55.041164
-55.04845
-55.0504
-55.054489
-55.204712
-55.213261
-55.215317
-55.215641
-55.221043
-55.370075
-55.380001
-55.383812
-55.383167
-55.387741
-55.396976
-55.536804
-55.546295
-55.549973
-55.550472
-55.555748
-55.570335
-55.565773
-55.708775
-55.715355
-55.719833
-55.723595
-55.727322
-55.739849
-55.883919
-55.887024
-55.890652
-55.894417
-55.901459
-56.055122
-56.05201
-56.057686
-56.058872
-56.06197
-56.065018
-56.073574
-56.226711
-56.225819
-56.227661
-56.228588
-56.230129
-56.232052
-56.239605
-56.398006
-56.394943
-56.396229
-56.397755
-56.3983
-56.400555
-56.400429
-56.404381
-56.404045
-56.562107
-56.567104
-56.568871
-56.568424
-56.570614
-56.571632
-56.573273
-56.572098
-56.579979
-56.740314
-56.739975
-56.741138
-56.74247
-56.74361
-56.744946
-56.7383
-56.90657
-56.913456
-56.91053
-56.911808
-56.913025
-56.915798
-56.920303
-56.909435
-57.079113
-57.081291
-57.080376
-57.081951
-57.084366
-57.08614
-57.094414
-57.085472
-57.246441
-57.247128
-57.249355
-57.248676
-57.250343
-57.253933
-57.257175
-57.269341
-57.264915
-57.415409
-57.416134
-57.417927
-57.416759
-57.421207
-57.424816
-57.425182
-57.438007
-57.436066
-57.583637
-57.585529
-57.584957
-57.58593
-57.58791
-57.592228
-57.596317
-57.597439
-57.6077
-57.60759
-57.753098
-57.759693
-57.7551
-57.755627
-57.75742
-57.762691
-57.766457
-57.771767
-57.785301
-57.781013
-57.922668
-57.92664
-57.926037
-57.925941
-57.927956
-57.932056
-57.937645
-57.946674
-57.953575
-57.975353
-58.092686
-58.095169
-58.096752
-58.096653
-58.098793
-58.102768
-58.11076
-58.122208
-58.124729
-58.253769
-58.257347
-58.25898
-58.261951
-58.262569
-58.266735
-58.274818
-58.286774
-58.294384
-58.290867
-58.421139
-58.425571
-58.430634
-58.440277
-58.456295
-58.462898
-58.58839
-58.607182
-59.573135
-59.574551
-59.576366
-59.579212
-59.58519
-59.739788
-59.736115
-59.742592
-59.745834
-59.750038
-59.745384
-59.743439
-59.910343
-59.915081
-59.91378
-59.912052
